nohup: ignoring input
cuda
0 6.219178466796875 9.630160522460937
100 2.709519348144531 2.4171406555175783
200 0.6621100616455078 0.5544159317016601
300 0.2854261207580566 0.4215179443359375
400 0.16290569305419922 0.3229892349243164
500 0.09774301528930664 0.35075286865234373
600 0.06339284420013427 0.41667125701904295
700 0.048057847023010254 0.41457008361816405
800 0.03698753118515015 0.3699736022949219
900 0.032240307331085204 0.4035348129272461
1000 0.028412551879882814 0.35564273834228516
1100 0.0343377423286438 0.39956390380859375
1200 0.03172096967697144 0.3173515510559082
1300 0.023810210227966307 0.32536285400390624
1400 0.026951751708984374 0.3555538558959961
1500 0.021198568344116212 0.40137481689453125
1600 0.022032804489135742 0.38612411499023436
1700 0.026723086833953857 0.3508479690551758
1800 0.024956233501434326 0.4034043502807617
1900 0.023659446239471436 0.33478363037109377
2000 0.022044885158538818 0.39490039825439455
2100 0.02813266038894653 0.3238323974609375
2200 0.03061554193496704 0.3129227638244629
2300 0.021903154850006105 0.3333020782470703
2400 0.025097932815551758 0.3796250915527344
2500 0.0232326340675354 0.3187538146972656
2600 0.028131682872772217 0.35635421752929686
2700 0.027620763778686525 0.3092085647583008
2800 0.022254414558410644 0.3400698471069336
2900 0.0293404221534729 0.33795928955078125
3000 0.030849249362945558 0.31878894805908203
3100 0.0259580397605896 0.3268038558959961
3200 0.026363170146942137 0.34796981811523436
3300 0.03983724355697632 0.33178951263427736
3400 0.03307437658309936 0.3362699890136719
3500 0.029944040775299073 0.33822715759277344
3600 0.028308556079864503 0.35059398651123047
3700 0.034771661758422855 0.32271881103515626
3800 0.02058523416519165 0.3227633285522461
3900 0.032169737815856934 0.3261530685424805
4000 0.02640507459640503 0.29000627517700195
4100 0.03165507555007935 0.34881221771240234
4200 0.03393492937088013 0.3057793998718262
4300 0.0415465497970581 0.32451229095458983
4400 0.03404648542404175 0.29475324630737304
4500 0.03278325319290161 0.3243048477172852
4600 0.047339286804199215 0.3168678092956543
4700 0.04407571792602539 0.3241654205322266
4800 0.029270033836364746 0.31960756301879883
4900 0.0297786808013916 0.3074506378173828
5000 0.03080747604370117 0.3141897201538086
5100 0.036770827770233154 0.2814995956420898
5200 0.043407864570617676 0.33384010314941404
5300 0.052440915107727054 0.28710342407226563
5400 0.03471371650695801 0.32493038177490235
5500 0.02858924150466919 0.32286773681640624
5600 0.0319945764541626 0.284613094329834
5700 0.04093671798706055 0.2736066436767578
5800 0.05066218852996826 0.338809700012207
5900 0.050498008728027344 0.3263285827636719
6000 0.02843896150588989 0.2853169631958008
epoch: 0 topic loss 0.15005318955230146 loc loss 0.4680998780452576
0 0.03176225662231445 0.33658679962158206
100 0.02166428565979004 0.28469606399536135
200 0.024377331733703614 0.28328718185424806
300 0.023184499740600585 0.32224761962890625
400 0.04777475833892822 0.2812091827392578
500 0.03742375135421753 0.28861299514770505
600 0.03164727687835693 0.3250846862792969
700 0.04161060333251953 0.33402061462402344
800 0.04516422748565674 0.3098461151123047
900 0.030602965354919433 0.3143257904052734
1000 0.03690608501434326 0.28123237609863283
1100 0.033620290756225586 0.30615379333496096
1200 0.044495797157287596 0.24366073608398436
1300 0.03204187393188476 0.24220096588134765
1400 0.0636747407913208 0.268221435546875
1500 0.03242200374603271 0.31432241439819336
1600 0.02613459587097168 0.2718104553222656
1700 0.03755966663360596 0.2659992790222168
1800 0.05525429725646973 0.31087202072143555
1900 0.0487823486328125 0.2552573013305664
2000 0.03851963043212891 0.2959292221069336
2100 0.04844537734985352 0.25870628356933595
2200 0.050902791023254394 0.24011968612670898
2300 0.03938807010650635 0.2686376762390137
2400 0.050111403465270994 0.29560853958129885
2500 0.04989943027496338 0.2604689025878906
2600 0.04222924709320068 0.2752503204345703
2700 0.04861182689666748 0.2529544258117676
2800 0.03499090909957886 0.28533296585083007
2900 0.03990089654922485 0.2850361442565918
3000 0.03964796543121338 0.27659151077270505
3100 0.020374271869659424 0.2630638313293457
3200 0.038768959045410153 0.29125778198242186
3300 0.05456096649169922 0.2798124313354492
3400 0.05102398872375488 0.2862088203430176
3500 0.03760668754577637 0.28933010101318357
3600 0.04093813896179199 0.30413984298706054
3700 0.050121936798095706 0.2622471809387207
3800 0.057366957664489744 0.27605709075927737
3900 0.052655544281005856 0.3007274055480957
4000 0.0329463529586792 0.25652050018310546
4100 0.03752367496490479 0.3095344924926758
4200 0.03424904346466064 0.24170724868774415
4300 0.03988775968551636 0.27613826751708986
4400 0.04347709655761719 0.26677473068237306
4500 0.3483279037475586 0.2858479118347168
4600 0.048155107498168946 0.3120094108581543
4700 0.0433406400680542 0.30315240859985354
4800 0.04328990936279297 0.2999233627319336
4900 0.04731315612792969 0.280037841796875
5000 0.04260331630706787 0.29510982513427736
5100 0.031181793212890625 0.2665511894226074
5200 0.042418475151062014 0.2914727783203125
5300 0.04516322612762451 0.2581446647644043
5400 0.051928744316101075 0.2904203414916992
5500 0.04170196056365967 0.2969988250732422
5600 0.046932029724121097 0.26364648818969727
5700 0.04831677436828613 0.25749452590942384
5800 0.039326047897338866 0.317976131439209
5900 0.038844411373138425 0.2951283645629883
6000 0.03719172716140747 0.27346139907836914
epoch: 1 topic loss 0.04345099846469443 loc loss 0.28758004419267796
0 0.04166707992553711 0.2910728645324707
100 0.04430933952331543 0.2641029357910156
200 0.037047619819641116 0.2604689598083496
300 0.07564631938934326 0.30034502029418947
400 0.04470274925231934 0.26139642715454103
500 0.05863465785980224 0.2778376197814941
600 0.0535506010055542 0.3159218406677246
700 0.060962672233581545 0.33591445922851565
800 0.04634336948394775 0.2966135406494141
900 0.04576714515686035 0.30776449203491213
1000 0.04345454216003418 0.2769380760192871
1100 0.0389798641204834 0.3025253868103027
1200 0.036960618495941164 0.2373121452331543
1300 0.038215932846069334 0.2375575828552246
1400 0.04485546112060547 0.26911598205566406
1500 0.05329849243164062 0.3045561981201172
1600 0.04817555904388428 0.2677166938781738
1700 0.07920237541198731 0.25840944290161133
1800 0.04384913444519043 0.3086996650695801
1900 0.04205965995788574 0.25609716415405276
2000 0.04113198757171631 0.2758548927307129
2100 0.04901719570159912 0.2570355796813965
2200 0.04172917366027832 0.24639566421508788
2300 0.07218722343444824 0.27219305038452146
2400 0.055697541236877444 0.28782848358154295
2500 1.683540802001953 0.25990217208862304
2600 0.06709081649780274 0.2963471794128418
2700 0.04423659801483154 0.27182043075561524
2800 0.03420109272003174 0.2930035209655762
2900 0.047984251976013186 0.29119077682495115
3000 0.04337122917175293 0.27018917083740235
3100 0.036785311698913574 0.2773079299926758
3200 0.050141634941101076 0.27786291122436524
3300 0.04066217422485351 0.2807027435302734
3400 0.027940657138824463 0.291833667755127
3500 0.059426498413085935 0.2818664360046387
3600 0.044519572257995604 0.2973951721191406
3700 0.04563511371612549 0.26094369888305663
3800 0.050634765625 0.2745421600341797
3900 0.039508938789367676 0.29695236206054687
4000 0.04719221591949463 0.2633966827392578
4100 0.06785950183868408 0.31112028121948243
4200 0.04079047203063965 0.2632996368408203
4300 0.0477291202545166 0.2739278030395508
4400 0.04664792537689209 0.26270132064819335
4500 0.04694540500640869 0.27510433197021483
4600 0.05913691520690918 0.29467966079711916
4700 0.04929847240447998 0.29904163360595704
4800 0.06614116191864014 0.29471864700317385
4900 0.051485204696655275 0.2777019309997559
5000 0.06258676528930664 0.27987279891967776
5100 0.07016950607299804 0.26624414443969724
5200 0.04735633373260498 0.29187955856323244
5300 0.05608206272125244 0.2709588813781738
5400 0.04442031383514404 0.3003972625732422
5500 0.050655913352966306 0.30000951766967776
5600 0.03766016721725464 0.2689566230773926
5700 0.058224997520446777 0.28096954345703123
5800 0.06323399543762206 0.32616512298583983
5900 0.047524485588073734 0.3000049209594727
6000 0.0513270092010498 0.26856399536132813
epoch: 2 topic loss 0.05704568153060881 loc loss 0.28680926576062077
0 0.043619699478149414 0.28966049194335936
100 0.057604317665100095 0.26045539855957034
200 0.0487656307220459 0.2756649589538574
300 0.05151233673095703 0.3234640884399414
400 0.05475932121276855 0.26494516372680665
500 0.06489310264587403 0.278248291015625
600 0.05563666820526123 0.31847829818725587
700 0.06314341068267822 0.339702262878418
800 0.060254178047180175 0.30630313873291015
900 0.049808497428894045 0.3096730041503906
1000 0.037736949920654295 0.2744943237304687
1100 0.046900458335876465 0.3081620216369629
1200 0.04800533771514893 0.24403375625610352
1300 0.06058825492858887 0.2570088577270508
1400 0.040075945854187014 0.26736146926879883
1500 0.04318015575408936 0.3151081657409668
1600 0.04438107490539551 0.27428953170776366
1700 0.030197563171386718 0.2675287628173828
1800 0.04967464447021484 0.3154455757141113
1900 0.048692364692687985 0.2602528190612793
2000 0.04349634170532227 0.2877614784240723
2100 0.06327495574951172 0.25860488891601563
2200 0.05525285243988037 0.24622114181518553
2300 0.06635777473449707 0.27317142486572266
2400 0.04751612186431885 0.29515546798706055
2500 0.06166999816894531 0.2765093040466309
2600 0.05178233623504638 0.2804058265686035
2700 0.038507778644561765 0.24380687713623048
2800 0.06934161186218261 0.27938720703125
2900 0.05846796989440918 0.27943986892700196
3000 0.0532127046585083 0.26739471435546874
3100 0.06941067695617675 0.26610593795776366
3200 0.05021315574645996 0.28095781326293945
3300 0.0954835319519043 0.27453460693359377
3400 0.07154393672943116 0.28837152481079104
3500 0.12091985702514649 0.3245378112792969
3600 0.04017441749572754 0.3142393493652344
3700 0.059155545234680175 0.291409912109375
3800 0.051892604827880856 0.3103532600402832
3900 0.0483246374130249 0.32572982788085936
4000 0.03963892698287964 0.2754441452026367
4100 0.05504683971405029 0.32955585479736327
4200 0.05988426685333252 0.2543343544006348
4300 0.05982688903808594 0.28915401458740236
4400 0.0540067195892334 0.27490886688232424
4500 0.05065753936767578 0.2978067970275879
4600 0.04163390636444092 0.31104503631591796
4700 0.04304279327392578 0.30601959228515624
4800 0.053460636138916016 0.3014109802246094
4900 0.06603768825531006 0.3070918083190918
5000 0.059839177131652835 0.3016708564758301
5100 0.0450157356262207 0.26645334243774416
5200 0.04182530879974365 0.29931581497192383
5300 0.04361647605895996 0.26876527786254883
5400 0.07835893630981446 0.3116078758239746
5500 0.035917868614196775 0.29851594924926755
5600 0.07042105197906494 0.2704689598083496
5700 0.04271546363830567 0.27802640914916993
5800 0.07306178569793702 0.32037738800048826
5900 0.07556505680084229 0.2939432907104492
6000 0.06111370086669922 0.2784182357788086
epoch: 3 topic loss 0.061152982794984184 loc loss 0.2927096233017803
0 0.06573598861694335 0.30680849075317385
100 0.061404051780700686 0.27367189407348635
200 0.054697670936584473 0.2804499816894531
300 0.08711536407470703 0.3297605514526367
400 0.09902581214904785 0.27299554824829103
500 0.038610050678253176 0.292673225402832
600 0.069642653465271 0.32716022491455077
700 0.05538283348083496 0.33380306243896485
800 0.06631103038787842 0.30442319869995116
900 0.04219481468200684 0.31708637237548826
1000 0.13118888854980468 0.29187372207641604
1100 0.0773293685913086 0.3218643951416016
1200 0.046000823974609376 0.2640106773376465
1300 0.03892369270324707 0.2598702812194824
1400 0.04826075553894043 0.2688892364501953
1500 0.049731783866882324 0.3205599594116211
1600 0.04689481258392334 0.3042819595336914
1700 0.13686470031738282 0.2846445274353027
1800 0.03229610443115234 0.3260029220581055
1900 0.053114643096923826 0.27741559982299807
2000 0.05769567966461182 0.3173466491699219
2100 0.050276541709899904 0.2605813217163086
2200 0.061788749694824216 0.26532100677490233
2300 0.05061490058898926 0.28538562774658205
2400 0.05685429573059082 0.3074971389770508
2500 0.05665546417236328 0.2671814918518066
2600 0.041796813011169436 0.2750790786743164
2700 0.06041678428649902 0.24900590896606445
2800 0.06253003597259521 0.270677375793457
2900 0.05691028118133545 0.2838285446166992
3000 0.0647608470916748 0.28100955963134766
3100 0.13901996612548828 0.27992561340332034
3200 0.05814013957977295 0.29078102111816406
3300 0.04894615173339844 0.2896615982055664
3400 0.06900059700012207 0.2815793228149414
3500 0.04539666175842285 0.29126026153564455
3600 0.07062588691711426 0.2858510208129883
3700 0.05901466369628906 0.2804806900024414
3800 0.04976751804351807 0.30598854064941405
3900 0.04999856948852539 0.3104359436035156
4000 0.06133012294769287 0.25608110427856445
4100 0.07897295951843261 0.30599245071411135
4200 0.04745340347290039 0.2580429649353027
4300 0.06601284503936768 0.3057671356201172
4400 0.09525476455688477 0.2786904525756836
4500 0.09116924285888672 0.30524377822875975
4600 0.0717917776107788 0.30971702575683596
4700 0.053667244911193845 0.31306919097900393
4800 0.05779430866241455 0.3298170852661133
4900 0.05145978450775147 0.32938953399658205
5000 0.10121389389038087 0.31809783935546876
5100 0.07779834747314453 0.2988107109069824
5200 0.060802278518676756 0.3201280975341797
5300 0.07684265613555909 0.30896148681640623
5400 0.06697288036346435 0.33640586853027343
5500 0.08523154258728027 0.3168520164489746
5600 0.06189258575439453 0.27395580291748045
5700 0.056168007850646975 0.2819435310363769
5800 0.051149001121520994 0.34006404876708984
5900 0.09980484962463379 0.36170612335205077
6000 0.046274242401123045 0.3290469360351562
epoch: 4 topic loss 0.07176915908226479 loc loss 0.3052911106511465
0 0.043443188667297364 0.3714167785644531
100 0.06752581596374511 0.2998367691040039
200 0.05240962982177735 0.2944417190551758
300 0.05665278434753418 0.33716732025146484
400 0.04539936065673828 0.29358131408691407
500 0.03637007474899292 0.30740846633911134
600 0.07242466926574707 0.3326485061645508
700 0.06705191135406494 0.3620288848876953
800 0.045509753227233884 0.31120555877685546
900 0.05377622604370117 0.3327009582519531
1000 0.035100154876708985 0.2867328453063965
1100 0.05290456295013428 0.31188785552978515
1200 0.06317160606384277 0.2711616897583008
1300 0.06303906917572022 0.27279176712036135
1400 0.0564075756072998 0.2907697677612305
1500 0.06858734130859374 0.32092178344726563
1600 0.08747586250305175 0.282990837097168
1700 0.057332944869995114 0.2755101013183594
1800 0.07487578392028808 0.319793758392334
1900 0.050198631286621095 0.2739433860778809
2000 0.07203377246856689 0.3190687942504883
2100 0.0632956075668335 0.27223575592041016
2200 0.045968422889709475 0.2776436996459961
2300 0.06300515651702882 0.28832231521606444
2400 0.0488811731338501 0.32763622283935545
2500 0.06140853881835937 0.2770058059692383
2600 0.060831098556518554 0.29703483581542967
2700 0.07659928798675537 0.2646016502380371
2800 0.0628386926651001 0.2899431991577148
2900 0.05329347610473633 0.27884159088134763
3000 0.06255645275115967 0.28438743591308596
3100 0.09854351043701172 0.29047584533691406
3200 0.08121308326721191 0.30049787521362303
3300 0.06240175247192383 0.28333446502685544
3400 0.05921288013458252 0.2885482406616211
3500 0.07199256896972656 0.30345409393310546
3600 0.04447343826293945 0.29213586807250974
3700 0.05254401206970215 0.2852713394165039
3800 0.043161449432373045 0.2952837753295898
3900 0.07502706050872802 0.3090134811401367
4000 0.06933664798736572 0.2648173713684082
4100 0.06600012779235839 0.31684906005859376
4200 0.09318365097045898 0.2770294761657715
4300 0.09309020042419433 0.3219587326049805
4400 0.09637325286865234 0.25649562835693357
4500 0.0726406717300415 0.2988505744934082
4600 0.04214644432067871 0.28584817886352537
4700 0.5978372192382813 0.30511476516723635
4800 0.0679618215560913 0.3005770492553711
4900 4.66828369140625 0.3129682350158691
5000 0.10582155227661133 0.36857166290283205
5100 0.048056597709655764 0.32524658203125
5200 0.08411105155944824 0.3289424133300781
5300 0.06915250301361084 0.3378936386108398
5400 0.07088940143585205 0.3534003448486328
5500 0.051931142807006836 0.3303428268432617
5600 0.049290623664855954 0.30426198959350587
5700 0.052250938415527345 0.2886909866333008
5800 0.04467868328094483 0.35601104736328126
5900 0.05500004768371582 0.3281272506713867
6000 0.04170292854309082 0.2687193298339844
epoch: 5 topic loss 0.07997399439038137 loc loss 0.30755485973733504
0 0.08539886474609375 0.32454078674316406
100 0.04843917846679688 0.26882061004638674
200 0.06497848033905029 0.29082738876342773
300 0.06270268440246582 0.34481254577636716
400 0.06565647602081298 0.27516124725341795
500 0.09543603897094727 0.3136992073059082
600 0.06773862361907959 0.32928569793701173
700 0.051709675788879396 0.34727935791015624
800 0.07899832725524902 0.30568580627441405
900 0.06629818439483642 0.35291118621826173
1000 0.08505100250244141 0.30353364944458006
1100 0.06298620700836181 0.32253807067871093
1200 0.07724071025848389 0.2691247177124023
1300 0.054340391159057616 0.2672906494140625
1400 0.06538741111755371 0.2883815002441406
1500 0.0740949010848999 0.31936349868774416
1600 0.06692707538604736 0.2918345260620117
1700 0.08860180854797363 0.2802816581726074
1800 0.09892821311950684 0.33271820068359376
1900 0.06702466011047363 0.26519142150878905
2000 0.08123327255249023 0.3485947418212891
2100 0.06656628608703613 0.2739098358154297
2200 0.06113655090332031 0.30029069900512695
2300 0.07310340404510499 0.2980844688415527
2400 0.2871853828430176 0.38912330627441405
2500 0.07490801811218262 0.3149977493286133
2600 0.05499648094177246 0.32640541076660157
2700 0.07499653339385987 0.28186147689819335
2800 0.05267767906188965 0.3161511993408203
2900 0.04691670894622803 0.3050368690490723
3000 0.05942975997924805 0.30023162841796874
3100 0.07100963115692138 0.296560115814209
3200 0.04328463077545166 0.3214863204956055
3300 0.08042689323425294 0.2991002082824707
3400 0.08123286247253418 0.30810400009155275
3500 0.05506380558013916 0.30527236938476565
3600 0.06605422973632813 0.2933101272583008
3700 0.06694831371307373 0.28713138580322267
3800 0.041470508575439456 0.29465288162231446
3900 0.06857513427734375 0.31853269577026366
4000 0.05660394191741944 0.28376422882080077
4100 0.08591131210327148 0.3214308929443359
4200 0.06523193836212159 0.27745792388916013
4300 0.06246176719665528 0.3228981399536133
4400 0.03850509166717529 0.28602899551391603
4500 0.055728092193603515 0.3130206680297852
4600 0.059860148429870606 0.30695520401000975
4700 0.14801005363464356 0.3521617889404297
4800 0.06829885482788085 0.3489418029785156
4900 0.0648655652999878 0.3409114837646484
5000 0.09861751556396485 0.310067138671875
5100 0.05891970634460449 0.29804927825927735
5200 0.07339591026306153 0.4975286483764648
5300 0.05193079948425293 0.34245067596435547
5400 0.06134243011474609 0.34155391693115233
5500 0.061301655769348144 0.3919985580444336
5600 0.0838753890991211 0.317861385345459
5700 0.15634757041931152 0.300775146484375
5800 0.06428084373474122 0.3642177963256836
5900 0.07838926792144775 0.3338116455078125
6000 0.08520755767822266 0.29242471694946287
epoch: 6 topic loss 0.08144707190807109 loc loss 0.31611787802328917
0 0.06043513774871826 0.3371813201904297
100 0.0876917552947998 0.2849612236022949
200 0.07055553913116455 0.3023613166809082
300 0.05163858890533447 0.36625282287597655
400 0.09012208938598633 0.27595882415771483
500 0.040790495872497556 0.31012176513671874
600 0.1332176399230957 0.3409543991088867
700 0.058859634399414065 0.36999031066894533
800 0.054144768714904784 0.3515858459472656
900 0.0663001537322998 0.34806488037109373
1000 0.06451003074645996 0.3059682846069336
1100 0.047949600219726565 0.3254853820800781
1200 0.05617115020751953 0.27911447525024413
1300 0.060528535842895505 0.280511646270752
1400 0.04704971790313721 0.30235111236572265
1500 0.06645939826965332 0.3346247100830078
1600 0.06852828025817871 0.2909003448486328
1700 0.1555851650238037 0.2729040145874023
1800 0.061494336128234864 0.32216625213623046
1900 0.04484624862670898 0.2802621459960937
2000 0.07796616077423096 0.351467170715332
2100 0.084490327835083 0.26895267486572266
2200 0.1269480800628662 0.2878288269042969
2300 0.05649690628051758 0.2852657508850098
2400 0.07654667854309082 0.31569393157958986
2500 0.056028614044189455 0.2928359603881836
2600 0.07100883960723876 0.2967726898193359
2700 0.09432330131530761 0.2649783897399902
2800 0.08796496391296386 0.3003803253173828
2900 0.07343482971191406 0.3020445442199707
3000 0.06866776466369628 0.2757664489746094
3100 0.13406263351440428 0.29484325408935547
3200 0.5600880813598633 0.33621368408203123
3300 0.09188080787658691 0.3338161087036133
3400 0.0801217269897461 0.30520469665527344
3500 0.06045971870422363 0.3062061500549316
3600 0.08196420669555664 0.3241242218017578
3700 0.05121748924255371 0.30048830032348633
3800 0.07694663524627686 0.3060573387145996
3900 0.04682147026062012 0.3134539031982422
4000 0.06938082218170166 0.28593000411987307
4100 0.056833810806274414 0.3093754959106445
4200 0.06169623374938965 0.27874208450317384
4300 0.07048248291015625 0.3240113067626953
4400 0.06296846389770508 0.2984617614746094
4500 0.07936595439910889 0.30546968460083007
4600 0.06871872901916504 0.31743789672851563
4700 0.17718086242675782 0.3157123374938965
4800 0.14275965690612794 0.33629135131835936
4900 0.06443648815155029 0.3071571159362793
5000 0.058505859375 0.32103660583496096
5100 0.046763310432434084 0.29271951675415037
5200 0.04954203605651855 0.3241762924194336
5300 0.056472702026367186 0.33591026306152344
5400 0.07554264545440674 0.32673892974853513
5500 0.08966898918151855 0.32978660583496094
5600 0.05890607357025147 0.2980744743347168
5700 0.0691038990020752 0.3029034996032715
5800 0.08451478004455566 0.3472761535644531
5900 0.08702461242675781 0.3335188674926758
6000 0.06311759948730469 0.2964719581604004
epoch: 7 topic loss 0.08196038500304968 loc loss 0.31482210748192097
0 0.07121983051300049 0.31418025970458985
100 0.07679195880889893 0.29081296920776367
200 0.08683935165405274 0.3185174560546875
300 0.10932366371154785 0.35277088165283205
400 0.058974108695983886 0.28574846267700194
500 0.07809666633605956 0.3130260276794434
600 0.07403798580169678 0.35516387939453126
700 0.06537769317626953 0.35706459045410155
800 0.08007607460021973 0.3453367614746094
900 0.0827165412902832 0.34903999328613283
1000 0.06054751396179199 0.3128117752075195
1100 0.07376441955566407 0.30665000915527346
1200 0.08671783447265625 0.2872598457336426
1300 3.952209777832031 0.44041152954101564
1400 0.7076007080078125 0.4219508743286133
1500 0.2994539451599121 0.4808953094482422
1600 0.26498634338378907 0.4706908798217773
1700 0.15560129165649414 0.39981067657470704
1800 0.17854152679443358 0.4410532379150391
1900 0.09806514739990234 0.4016146469116211
2000 0.11626780509948731 0.4735223388671875
2100 0.08777060508728027 0.33183536529541013
2200 0.12774975776672362 0.3266722106933594
2300 0.08309233665466309 0.36814186096191404
2400 0.08090288162231446 0.39964797973632815
2500 0.05846560478210449 0.37258148193359375
2600 0.06058356761932373 0.3340207290649414
2700 0.09710637092590332 0.3273651123046875
2800 0.07789671421051025 0.3932683181762695
2900 0.05914819717407226 0.36733150482177734
3000 0.13572874069213867 0.34314254760742186
3100 0.08253149032592773 0.3428664779663086
3200 0.09271036148071289 0.3809778594970703
3300 0.08455827713012695 0.327106819152832
3400 0.08552281379699707 0.32652984619140624
3500 0.08594106674194336 0.32683712005615234
3600 0.04525728702545166 0.32505603790283205
3700 0.08238834381103516 0.32578372955322266
3800 0.09340566635131836 0.3404287338256836
3900 0.0811497688293457 0.335419921875
4000 0.11456867218017579 0.32243316650390624
4100 0.06215779781341553 0.35656726837158204
4200 0.06626081943511963 0.320201416015625
4300 0.08341631889343262 0.3454738235473633
4400 0.04440717697143555 0.30833147048950194
4500 0.07647390365600586 0.3309109878540039
4600 0.06951830387115479 0.34164085388183596
4700 0.05802781581878662 0.3379693603515625
4800 0.09510142326354981 0.3181579971313477
4900 0.08042113304138183 0.3389714050292969
5000 0.16430587768554689 0.3409017562866211
5100 0.055465707778930666 0.30863903045654295
5200 0.06148887634277344 0.3478782272338867
5300 0.10557917594909667 0.34864784240722657
5400 0.10913174629211425 0.3216871643066406
5500 0.05915279388427734 0.3504193115234375
5600 0.08396231651306152 0.3198501968383789
5700 0.04989804744720459 0.32450481414794924
5800 0.058207612037658694 0.36134178161621094
5900 0.14977825164794922 0.33886730194091796
6000 0.11152534484863282 0.30578664779663084
epoch: 8 topic loss 0.26655036943341676 loc loss 0.3556287315397671
0 0.07780750751495362 0.3650870895385742
100 0.14721805572509766 0.31148155212402345
200 0.07416962623596192 0.33788673400878905
300 0.06308597087860107 0.37139358520507815
400 0.09353260040283203 0.29706430435180664
500 0.0655145263671875 0.3400542068481445
600 0.06933640480041504 0.3758985137939453
700 0.162032470703125 0.3805262756347656
800 0.08064753532409669 0.34684646606445313
900 0.09664713859558105 0.3398501968383789
1000 0.05591416835784912 0.33294498443603515
1100 0.05781138896942139 0.315498104095459
1200 0.09201481819152832 0.28809404373168945
1300 0.1107038688659668 0.28807888031005857
1400 0.0859903335571289 0.30406511306762696
1500 0.047058272361755374 0.332010383605957
1600 0.11908273696899414 0.3149500846862793
1700 0.0938902473449707 0.3141046142578125
1800 0.09662457466125489 0.3410192108154297
1900 0.08129289627075195 0.305979061126709
2000 0.07171532154083252 0.3768165969848633
2100 0.12005494117736816 0.2688844108581543
2200 0.08928326606750488 0.3007205581665039
2300 0.10702194213867187 0.30875110626220703
2400 0.07921352386474609 0.3547694396972656
2500 0.10259031295776368 0.3062726020812988
2600 0.1045271873474121 0.3121036720275879
2700 0.08909523963928223 0.2923522186279297
2800 0.07318052291870117 0.30840133666992187
2900 0.0720591640472412 0.32221183776855467
3000 0.08411293029785157 0.2960560035705566
3100 0.08456706047058106 0.3219540786743164
3200 0.0748821210861206 0.3207976150512695
3300 0.10086660385131836 0.31915788650512694
3400 0.06346332550048828 0.3012423515319824
3500 0.06947147846221924 0.32734081268310544
3600 0.09424116134643555 0.31071569442749025
3700 0.08999015808105469 0.3091049385070801
3800 0.10289794921875 0.3119646453857422
3900 0.11596548080444335 0.3317528533935547
4000 0.11134607315063477 0.30902685165405275
4100 0.06493672847747803 0.3592627334594727
4200 0.07050892353057861 0.29975528717041017
4300 0.08126788139343262 0.3407740020751953
4400 0.08295158386230468 0.30989091873168945
4500 0.11506958961486817 0.33140045166015625
4600 0.07966476440429687 0.3238711166381836
4700 0.07779514789581299 0.32153968811035155
4800 0.06695604801177979 0.3190752029418945
4900 0.08120796203613281 0.30273338317871096
5000 0.10426436424255371 0.34454524993896485
5100 0.055501151084899905 0.3110805892944336
5200 0.09874011039733886 0.3308677673339844
5300 0.17762752532958984 0.3277792739868164
5400 0.15604029655456542 0.35734806060791013
5500 0.10706559181213379 0.3866168212890625
5600 0.12067626953125 0.33036155700683595
5700 0.11910417556762695 0.3046832847595215
5800 0.06490021228790283 0.35558845520019533
5900 0.06764422416687012 0.32036651611328126
6000 0.08601223945617675 0.28584951400756836
epoch: 9 topic loss 0.09000686137759431 loc loss 0.32776804958234373
0 0.09711036682128907 0.35414848327636717
100 0.0676808738708496 0.3158259391784668
200 0.2956415557861328 0.35519023895263674
300 0.095964937210083 0.3939670944213867
400 0.11830460548400878 0.31048431396484377
500 0.06493290901184082 0.33759227752685544
600 0.08616949081420898 0.3794504928588867
700 0.0564103364944458 0.3726256561279297
800 0.08563244819641114 0.34703990936279294
900 0.061526851654052736 0.3523527145385742
1000 0.06500282287597656 0.3242892074584961
1100 0.09930547714233398 0.3275760650634766
1200 0.0640111255645752 0.3046713829040527
1300 0.07054040908813476 0.29061824798583985
1400 0.08748917579650879 0.3120796394348144
1500 0.07164556980133056 0.3450135040283203
1600 0.061806979179382326 0.32260120391845704
1700 0.07065633296966553 0.29897857666015626
1800 0.09932232856750488 0.33636898040771485
1900 0.06498985767364501 0.2969485664367676
2000 0.07489861011505126 0.3775335311889648
2100 0.08556102752685547 0.2800665473937988
2200 0.10802668571472168 0.28071113586425783
2300 0.135253324508667 0.32958015441894534
2400 0.07972458362579346 0.3535243225097656
2500 0.09037447929382324 0.31297351837158205
2600 0.08016010284423829 0.3230740737915039
2700 0.08574119567871094 0.28943572998046874
2800 0.07342307090759277 0.316930980682373
2900 0.07139394283294678 0.3113777542114258
3000 0.05198283195495605 0.3122487258911133
3100 0.07529085636138916 0.31422073364257813
3200 0.08031876564025879 0.3259800720214844
3300 0.08748750686645508 0.29137258529663085
3400 0.09576690673828125 0.3087736892700195
3500 0.15416481018066405 0.3343444061279297
3600 0.06514836311340332 0.3195343017578125
3700 0.06978693008422851 0.32427127838134767
3800 0.06678486347198487 0.302271785736084
3900 0.07071736335754394 0.3330816650390625
4000 0.11203046798706055 0.32029922485351564
4100 0.07638761520385742 0.33223899841308596
4200 0.08910919189453125 0.3130810356140137
4300 0.08012809753417968 0.32415142059326174
4400 0.05361914157867432 0.29410219192504883
4500 0.09913599014282226 0.3204257583618164
4600 0.1149505615234375 0.31575927734375
4700 0.09421197891235351 0.3226872634887695
4800 0.07485164165496826 0.3294619369506836
4900 0.07860983848571777 0.3111046600341797
5000 0.07461833477020263 0.33795379638671874
5100 0.0643062686920166 0.2869314193725586
5200 0.11282758712768555 0.3395450210571289
5300 0.0697146224975586 0.33315143585205076
5400 0.06672438621520996 0.3379949951171875
5500 0.04656027317047119 0.3522561264038086
5600 0.09333950996398926 0.29862155914306643
5700 6.674823608398437 0.3302589797973633
5800 1.555078125 0.6011716079711914
5900 0.5453559112548828 0.5113563919067383
6000 0.5653148269653321 0.44689350128173827
epoch: 10 topic loss 0.30778566704991833 loc loss 0.33753361875288973
0 0.428903694152832 0.5239533233642578
100 0.38510517120361326 0.46900501251220705
200 0.17261445999145508 0.49010631561279294
300 0.22024166107177734 0.45924102783203125
400 0.1529344940185547 0.3982135009765625
500 0.14070605278015136 0.4661409378051758
600 0.1248999309539795 0.45579479217529295
700 0.10345809936523437 0.47629573822021487
800 0.08513066291809082 0.4280694580078125
900 0.09135889053344727 0.4718436050415039
1000 0.11207656860351563 0.39789619445800783
1100 0.08481428146362305 0.4119594192504883
1200 0.11081250190734863 0.3644061279296875
1300 0.07128973960876465 0.3578099060058594
1400 0.08869730949401855 0.3576106643676758
1500 0.12307666778564454 0.422870979309082
1600 0.04730968952178955 0.38247177124023435
1700 0.09208669662475585 0.3329079818725586
1800 0.04572272777557373 0.3997222137451172
1900 0.08495021820068359 0.34279685974121094
2000 0.08125131607055663 0.4303440093994141
2100 0.11345977783203125 0.30908946990966796
2200 0.0861746597290039 0.31511377334594726
2300 0.13812530517578125 0.3606977844238281
2400 0.11519871711730957 0.352783203125
2500 0.06925559043884277 0.3298797607421875
2600 0.061424484252929686 0.33128913879394534
2700 0.07793584823608399 0.329977912902832
2800 0.07864787578582763 0.30990306854248045
2900 0.07094503879547119 0.3266747283935547
3000 0.11755961418151856 0.3449755859375
3100 0.07520020008087158 0.3269512176513672
3200 0.07021201133728028 0.3393899154663086
3300 0.07236431121826171 0.33948360443115233
3400 0.0881856632232666 0.34536548614501955
3500 0.08356673240661622 0.3662010955810547
3600 0.064432692527771 0.37083805084228516
3700 0.050844216346740724 0.32912353515625
3800 0.05693535327911377 0.3451921844482422
3900 0.09370180130004883 0.3410482406616211
4000 0.06010238647460937 0.3450885772705078
4100 0.12356225967407226 0.34625194549560545
4200 0.12074590682983398 0.3404934310913086
4300 0.0780566692352295 0.3547497177124023
4400 0.08948025703430176 0.31689489364624024
4500 0.12817129135131836 0.360697021484375
4600 0.0536526346206665 0.3285826110839844
4700 0.09783201217651367 0.35317192077636717
4800 0.0730823278427124 0.36810482025146485
4900 0.05808044910430908 0.33481884002685547
5000 0.09108185768127441 0.3468592071533203
5100 0.07719231605529785 0.32361000061035156
5200 0.06814958095550537 0.34577384948730466
5300 0.10121803283691407 0.36078193664550784
5400 0.14099892616271972 0.3488741683959961
5500 0.19958507537841796 0.37367294311523436
5600 0.13847940444946288 0.31625885009765625
5700 0.08436274528503418 0.30389066696166994
5800 0.04826002597808838 0.3786371994018555
5900 0.08757205963134766 0.3446968078613281
6000 0.07035038471221924 0.2934015464782715
epoch: 11 topic loss 0.10490089412403439 loc loss 0.3677941968150428
0 0.10315763473510742 0.37909908294677735
100 0.0633237600326538 0.3299383544921875
200 0.06240683078765869 0.3414798355102539
300 0.07406713485717774 0.3658966827392578
400 0.07693828582763672 0.2913201904296875
500 0.07426621437072754 0.3481857681274414
600 0.06526552677154542 0.3851849365234375
700 0.0894404697418213 0.35577178955078126
800 0.11173922538757325 0.3558084487915039
900 0.08296117782592774 0.3648641586303711
1000 0.09360589981079101 0.32603782653808594
1100 0.08052441596984863 0.3318355941772461
1200 0.09600193977355957 0.3271570587158203
1300 0.0794677734375 0.31476551055908203
1400 0.1025850772857666 0.31033687591552733
1500 0.14421622276306154 0.3855417251586914
1600 0.08988661766052246 0.33249046325683596
1700 0.09737236976623535 0.3148619079589844
1800 0.12691186904907226 0.36805721282958986
1900 0.07966538429260255 0.3243021774291992
2000 0.09402171134948731 0.4053810119628906
2100 0.07510790824890137 0.29895624160766604
2200 0.1936819839477539 0.2979729461669922
2300 22.37975830078125 0.6568513488769532
2400 4.215936279296875 0.5571941375732422
2500 3.064459228515625 0.5542923736572266
2600 2.330934753417969 0.5334949111938476
2700 2.0892324829101563 0.5280844497680665
2800 1.7144374084472656 0.5489949798583984
2900 1.41523681640625 0.545000228881836
3000 1.118541488647461 0.4654607009887695
3100 0.974245834350586 0.5118013381958008
3200 0.6928260803222657 0.49191967010498044
3300 0.5452169036865234 0.4926015090942383
3400 0.5140377807617188 0.47235679626464844
3500 0.38209190368652346 0.5220196914672851
3600 0.39919261932373046 0.5043280410766602
3700 0.3177517127990723 0.424457893371582
3800 0.2672863388061523 0.43464881896972657
3900 0.25481338500976564 0.4370989227294922
4000 0.17340940475463867 0.4395075988769531
4100 0.14811284065246583 0.456883544921875
4200 0.17723751068115234 0.4381085968017578
4300 0.19345922470092775 0.5355869674682617
4400 0.20139266967773437 0.3959016799926758
4500 0.15733756065368654 0.42239959716796877
4600 0.12441034317016601 0.47756702423095704
4700 0.1939639663696289 0.4583704376220703
4800 0.10712275505065919 0.46201492309570313
4900 0.1359792423248291 0.4590696716308594
5000 0.1112208366394043 0.42330734252929686
5100 0.13594218254089355 0.37960697174072267
5200 0.12292486190795898 0.41998016357421875
5300 0.1458006954193115 0.4502596664428711
5400 0.13103604316711426 0.4150771713256836
5500 0.12328835487365723 0.4404781341552734
5600 0.1314974021911621 0.3829007339477539
5700 0.14216790199279786 0.37550159454345705
5800 0.09986459732055664 0.4319503402709961
5900 0.122412109375 0.4283053207397461
6000 0.10386452674865723 0.34896034240722656
epoch: 12 topic loss 0.9960849743700035 loc loss 0.4240928442765607
0 0.10461635589599609 0.42466842651367187
100 0.06938036918640136 0.33886051177978516
200 0.12766462326049804 0.376357421875
300 0.10035373687744141 0.419321174621582
400 0.09465774536132812 0.33607830047607423
500 0.12731000900268555 0.42911514282226565
600 0.09986705780029297 0.4359321212768555
700 0.13688472747802735 0.4656741714477539
800 0.12232190132141113 0.4194232940673828
900 0.08964177131652833 0.421815299987793
1000 0.0980854606628418 0.3710383224487305
1100 0.0956367301940918 0.3841831588745117
1200 0.07674542903900146 0.35659233093261716
1300 0.13417181968688965 0.36937618255615234
1400 0.07028461456298828 0.3529911804199219
1500 0.13279213905334472 0.42829902648925783
1600 0.08302182197570801 0.3760752868652344
1700 0.0939057445526123 0.3962012481689453
1800 0.08828380584716797 0.3837416458129883
1900 0.08415525436401367 0.3483220291137695
2000 0.1032328701019287 0.4540235137939453
2100 0.1156925106048584 0.3075775909423828
2200 0.08941318511962891 0.31780399322509767
2300 0.13592011451721192 0.3799017333984375
2400 0.09719260215759278 0.35671775817871093
2500 0.06574763298034668 0.33824260711669923
2600 0.1378136920928955 0.34086936950683594
2700 0.14439029693603517 0.32820987701416016
2800 0.08805937767028808 0.34606868743896485
2900 0.09079843521118164 0.35598060607910154
3000 0.09620273590087891 0.3547108840942383
3100 0.11829164505004883 0.36442615509033205
3200 0.15683940887451173 0.38102432250976564
3300 0.05917473316192627 0.3381191253662109
3400 0.07465909957885743 0.3736865234375
3500 0.09271415710449218 0.3725727462768555
3600 0.10177676200866699 0.3874494934082031
3700 0.1184060001373291 0.3354273986816406
3800 0.38309349060058595 0.36768131256103515
3900 0.14462010383605958 0.3769654083251953
4000 0.2228550148010254 0.3577766036987305
4100 0.20962936401367188 0.4200666046142578
4200 0.07742965698242188 0.3691611862182617
4300 0.07618542671203614 0.43459808349609375
4400 0.1118324089050293 0.34877246856689453
4500 0.06489142417907715 0.4009135818481445
4600 0.0889046859741211 0.3906365966796875
4700 0.1146563720703125 0.400438232421875
4800 0.11789052963256835 0.39610977172851564
4900 0.11624540328979492 0.36876850128173827
5000 0.17928707122802734 0.3853285598754883
5100 0.0962809944152832 0.33212120056152344
5200 0.10993980407714844 0.36034675598144533
5300 0.09629929542541504 0.37355541229248046
5400 0.07973766803741456 0.40596004486083986
5500 0.06871342182159423 0.39643814086914064
5600 0.13924212455749513 0.345800895690918
5700 0.12287965774536133 0.3268671417236328
5800 0.04047597885131836 0.3987543487548828
5900 0.21781272888183595 0.37718223571777343
6000 0.11568840980529785 0.3188045501708984
epoch: 13 topic loss 0.12331988182741295 loc loss 0.37809192149958887
0 0.12528523445129394 0.3864996719360352
100 0.10902253150939942 0.33593929290771485
200 0.14183374404907226 0.379423828125
300 0.07878603935241699 0.40305973052978517
400 0.0886687183380127 0.31481069564819336
500 0.0731747055053711 0.3762017059326172
600 0.07882663249969482 0.39023311614990236
700 0.08533384323120118 0.40928470611572265
800 0.08755797386169434 0.37924072265625
900 1.000815887451172 0.39391494750976563
1000 0.20246490478515625 0.3991793441772461
1100 0.1660800552368164 0.38895004272460937
1200 0.09499960899353027 0.3672421646118164
1300 0.07689861297607421 0.3537763977050781
1400 0.09812103271484375 0.3496836090087891
1500 0.07140396118164062 0.3955592727661133
1600 0.07257311344146729 0.3709626388549805
1700 0.1025321865081787 0.38230064392089846
1800 0.03871809244155884 0.38742622375488284
1900 0.11422131538391113 0.34311351776123045
2000 0.1075078296661377 0.4400823974609375
2100 0.1445985507965088 0.31623172760009766
2200 0.18789999008178712 0.3136625862121582
2300 0.11103405952453613 0.3715113830566406
2400 0.07432106494903565 0.3397985458374023
2500 0.07962502956390381 0.34609169006347656
2600 0.11117694854736328 0.3308089065551758
2700 0.16930320739746094 0.3001588821411133
2800 0.17081466674804688 0.3497408676147461
2900 0.10498619079589844 0.3417032623291016
3000 0.24086965560913087 0.32686634063720704
3100 0.18880325317382812 0.39438232421875
3200 0.16282787322998046 0.3767905426025391
3300 0.10948954582214356 0.35082225799560546
3400 0.10766461372375488 0.35510940551757814
3500 0.08754973411560059 0.3986486053466797
3600 0.09125256538391113 0.39186332702636717
3700 0.11781776428222657 0.36193462371826174
3800 0.050935959815979 0.3368301010131836
3900 0.08379892349243163 0.3679616928100586
4000 0.07334184646606445 0.3421520233154297
4100 0.0841989517211914 0.4127683258056641
4200 0.10629892349243164 0.3439255523681641
4300 0.13678839683532715 0.3951983642578125
4400 0.08770379066467285 0.32613285064697267
4500 0.09797161102294921 0.3450424957275391
4600 0.10328718185424805 0.39044349670410156
4700 0.1251949214935303 0.36754451751708983
4800 0.11550586700439452 0.4044017791748047
4900 0.16366559982299805 0.3420454788208008
5000 0.10946986198425293 0.34800148010253906
5100 0.0746845006942749 0.3241494369506836
5200 0.05214368343353271 0.3680949401855469
5300 0.10382440567016601 0.396429443359375
5400 0.0870359992980957 0.3785614776611328
5500 0.17131925582885743 0.39011547088623044
5600 0.08697049140930176 0.34483943939208983
5700 0.16383544921875 0.3249760437011719
5800 0.07577478408813476 0.3998629760742187
5900 0.10300258636474609 0.37095428466796876
6000 0.05768085956573486 0.3302127456665039
epoch: 14 topic loss 0.12100103842949934 loc loss 0.3649302757872577
0 0.06065319538116455 0.3777495956420898
100 0.0842238998413086 0.3488362884521484
200 0.13260929107666017 0.370147705078125
300 0.11779429435729981 0.3828601837158203
400 0.16073745727539063 0.33025787353515623
500 0.10193573951721191 0.38581745147705077
600 0.0721670150756836 0.40352611541748046
700 0.11000560760498047 0.3905003356933594
800 0.12612568855285644 0.395257453918457
900 0.15818984031677247 0.35290592193603515
1000 0.08562809944152833 0.33746009826660156
1100 0.0646071195602417 0.3586294174194336
1200 0.11687609672546387 0.3522317886352539
1300 0.13447866439819336 0.3224529266357422
1400 0.11152721405029296 0.3299714660644531
1500 0.0945235824584961 0.4192533111572266
1600 0.120701904296875 0.358137321472168
1700 0.1026836109161377 0.3684489059448242
1800 0.11229035377502442 0.3692800140380859
1900 0.101854248046875 0.33460662841796873
2000 0.11080409049987792 0.4025422668457031
2100 0.10746115684509278 0.3170464897155762
2200 0.11628993988037109 0.29138505935668946
2300 0.2452765464782715 0.4021433639526367
2400 0.15392667770385743 0.3690211868286133
2500 0.12092944145202637 0.34810482025146483
2600 0.08160552024841308 0.3671599578857422
2700 0.11644573211669922 0.35292869567871094
2800 0.1193924617767334 0.3500841522216797
2900 0.0777081298828125 0.33342227935791013
3000 0.0758374261856079 0.34745365142822265
3100 0.08086377143859863 0.3638979721069336
3200 0.10975762367248536 0.32924251556396483
3300 0.13187845230102538 0.31897180557250976
3400 0.09828004837036133 0.30640790939331053
3500 0.12201026916503906 0.37600940704345703
3600 0.061348094940185546 0.3793756103515625
3700 0.07861783981323242 0.3326390075683594
3800 0.10467428207397461 0.3498115539550781
3900 0.0997884464263916 0.34086669921875
4000 0.17923654556274415 0.34713157653808596
4100 0.11333452224731445 0.37738143920898437
4200 0.09143203735351563 0.351734504699707
4300 0.09494916915893555 0.3907324981689453
4400 0.18582921981811523 0.3403893280029297
4500 0.14266201019287109 0.36226539611816405
4600 0.17817874908447265 0.3606270980834961
4700 0.10991889953613282 0.4086821746826172
4800 0.1125009822845459 0.38448951721191404
4900 0.0930760669708252 0.3279895401000977
5000 0.3512497329711914 0.38034252166748045
5100 0.14580678939819336 0.3390711975097656
5200 0.08959916114807129 0.3614888000488281
5300 0.07608016967773437 0.399300651550293
5400 0.09545784950256347 0.3981743621826172
5500 0.08693812370300293 0.3812935256958008
5600 0.1123729419708252 0.31308305740356446
5700 0.08098142623901367 0.29807022094726565
5800 0.07613161087036133 0.39146514892578127
5900 0.09662676811218261 0.3559977340698242
6000 0.07113206386566162 0.30813262939453123
epoch: 15 topic loss 0.11635727285136264 loc loss 0.36318780342961254
0 0.10104748725891113 0.3570372009277344
100 0.09834843635559082 0.3632646179199219
200 0.18618741989135743 0.3965107345581055
300 0.12766087532043457 0.39224422454833985
400 0.25341049194335935 0.3507530212402344
500 0.07475064277648925 0.38867294311523437
600 0.1397420024871826 0.4202980422973633
700 0.08470343589782715 0.4183926773071289
800 0.11596202850341797 0.37670513153076174
900 0.08638864517211914 0.3742366790771484
1000 0.14789141654968263 0.35543338775634764
1100 0.09373902320861817 0.35555171966552734
1200 0.1151119613647461 0.3457494735717773
1300 0.08525068283081055 0.3408940887451172
1400 0.15722071647644043 0.3214521789550781
1500 0.10832636833190917 0.40339786529541016
1600 0.13319022178649903 0.37032398223876956
1700 0.12635694503784178 0.3611292266845703
1800 0.09138071060180664 0.36670623779296874
1900 0.050976223945617676 0.3210809326171875
2000 0.17154863357543945 0.42628040313720705
2100 0.06537863731384277 0.3115141105651855
2200 0.323389892578125 0.289290771484375
2300 0.20979623794555663 0.3657489776611328
2400 0.11299357414245606 0.37098930358886717
2500 0.08996045112609863 0.3375035095214844
2600 0.12024286270141601 0.34868244171142576
2700 0.11665583610534667 0.32791618347167967
2800 0.15005695343017578 0.3284903335571289
2900 0.06776283740997315 0.34154495239257815
3000 0.12293704986572265 0.34218868255615237
3100 0.1024713134765625 0.3656761932373047
3200 0.08238190650939942 0.3238517761230469
3300 0.06836276531219482 0.3482614517211914
3400 0.08207558631896973 0.3172705459594727
3500 0.1059468650817871 0.3335036468505859
3600 0.14661901473999023 0.37985633850097655
3700 0.08329502105712891 0.32650142669677734
3800 0.1052267837524414 0.35036167144775393
3900 0.08201388359069824 0.37783107757568357
4000 0.10069376945495606 0.32946468353271485
4100 0.09430932998657227 0.3630974578857422
4200 0.05456709384918213 0.3293109893798828
4300 0.0797136926651001 0.3974801254272461
4400 0.08165270805358887 0.35014488220214846
4500 0.07567035675048828 0.4007845687866211
4600 0.09048854827880859 0.36130748748779296
4700 0.13408708572387695 0.37650093078613284
4800 0.09663103103637695 0.38113300323486327
4900 0.16672517776489257 0.34868789672851563
5000 0.07989150047302246 0.3415310287475586
5100 0.09170520782470704 0.3201088714599609
5200 0.10297350883483887 0.36478725433349607
5300 0.09468596458435058 0.4214243698120117
5400 0.16974016189575195 0.3614142227172852
5500 0.2732963752746582 0.3922745895385742
5600 0.1117013931274414 0.3492096710205078
5700 0.3684858703613281 0.3032230758666992
5800 0.04748461723327637 0.4170659637451172
5900 0.06811708450317383 0.36936256408691404
6000 0.08631381988525391 0.3254913330078125
epoch: 16 topic loss 0.11455216063770239 loc loss 0.3638882975407192
0 0.05524089336395264 0.35143020629882815
100 0.08762984275817871 0.3443381118774414
200 0.14954060554504395 0.36991065979003906
300 0.12513222694396972 0.38121253967285157
400 0.22501764297485352 0.3336611557006836
500 0.10152640342712402 0.3825112533569336
600 0.33306381225585935 0.4504814529418945
700 0.14881680488586427 0.4597224807739258
800 0.09499824523925782 0.405251579284668
900 0.11515508651733398 0.39180000305175783
1000 0.07389408588409424 0.361494140625
1100 0.06942920207977295 0.3827697372436523
1200 0.09584734916687011 0.3485840606689453
1300 0.09718502998352051 0.3355042266845703
1400 0.11373170852661132 0.3196870422363281
1500 0.10707507133483887 0.408097038269043
1600 0.08635756492614746 0.3510594940185547
1700 0.10894868850708007 0.34270565032958983
1800 0.11152585029602051 0.3595867538452148
1900 0.12229792594909668 0.34315196990966795
2000 0.091168851852417 0.46265235900878904
2100 0.1185756778717041 0.329525032043457
2200 0.08241852760314941 0.3203043746948242
2300 0.150584659576416 0.3509397125244141
2400 0.11628221511840821 0.3794382476806641
2500 0.0804961395263672 0.33559497833251956
2600 0.08153863906860352 0.37472072601318357
2700 0.09819581031799317 0.3416587448120117
2800 0.18249794006347655 0.3775360107421875
2900 0.12512295722961425 0.3665142440795898
3000 0.1079125690460205 0.3493636703491211
3100 0.07701474666595459 0.38442512512207033
3200 0.15405336380004883 0.3167980003356934
3300 0.14485106468200684 0.34859920501708985
3400 0.07183677196502686 0.32165740966796874
3500 0.08954790115356445 0.3579143524169922
3600 0.3113029289245606 0.469165153503418
3700 0.22410045623779296 0.4085561752319336
3800 0.16496883392333983 0.3975661849975586
3900 0.16899417877197265 0.40944316864013675
4000 0.14948026657104493 0.40326663970947263
4100 0.16601228713989258 0.4135955810546875
4200 0.1391240692138672 0.3630358123779297
4300 0.17483356475830078 0.44242420196533205
4400 0.15795296669006348 0.34996875762939456
4500 0.15843789100646974 0.39455154418945315
4600 0.1006485366821289 0.3608177947998047
4700 0.09020042419433594 0.37448490142822266
4800 0.13013257026672365 0.3870096206665039
4900 0.15059062004089355 0.36974029541015624
5000 0.17748062133789064 0.3781071090698242
5100 0.12761543273925782 0.3488347625732422
5200 0.06690505504608155 0.3726789855957031
5300 0.14320393562316894 0.3921277618408203
5400 0.14448040962219239 0.37415340423583987
5500 0.17723464965820312 0.4117335510253906
5600 0.3284613800048828 0.34598258972167967
5700 0.09408970832824708 0.3473715972900391
5800 0.10024774551391602 0.42187393188476563
5900 0.17351844787597656 0.3595037841796875
6000 0.11353705406188964 0.33824977874755857
epoch: 17 topic loss 0.1529833538725058 loc loss 0.3748730335894825
0 0.10691806793212891 0.3750333404541016
100 0.09102202415466308 0.35976787567138674
200 0.08459530830383301 0.38299530029296874
300 0.1371791172027588 0.3878997039794922
400 0.13553688049316406 0.3265058135986328
500 0.08318911552429199 0.4279201507568359
600 0.14214120864868163 0.4178528594970703
700 0.06267724037170411 0.4527580642700195
800 0.058203754425048826 0.39850746154785155
900 0.09388837814331055 0.4190413665771484
1000 0.08752777099609375 0.36533172607421877
1100 0.28188726425170896 0.3908672714233398
1200 0.10153575897216797 0.37683021545410156
1300 0.07793368816375733 0.3450814819335937
1400 0.08128100395202636 0.3411153030395508
1500 0.11830121040344238 0.40855602264404295
1600 0.11498720169067383 0.376840705871582
1700 0.39509521484375 0.3923379516601562
1800 0.17236318588256835 0.40824207305908206
1900 0.361926383972168 0.36745849609375
2000 0.18185009002685548 0.4865603256225586
2100 0.0798904275894165 0.3355170440673828
2200 0.12652261734008788 0.347523193359375
2300 0.12979105949401856 0.38552711486816404
2400 0.0653204584121704 0.4249235153198242
2500 0.10693745613098145 0.344028434753418
2600 0.11660994529724121 0.37402374267578126
2700 0.1019368076324463 0.3413352966308594
2800 0.1061709976196289 0.3871611022949219
2900 0.08099951744079589 0.37701637268066407
3000 0.11765374183654785 0.32490150451660155
3100 0.08287617683410645 0.3658514404296875
3200 0.08804433822631835 0.33930294036865233
3300 0.1448896598815918 0.3564724349975586
3400 0.11855395317077637 0.3635440444946289
3500 0.08279468536376954 0.3645901870727539
3600 2.363830108642578 0.4111465835571289
3700 0.22361371994018556 0.4404288101196289
3800 0.13900435447692872 0.40354801177978517
3900 0.1734604835510254 0.4520194625854492
4000 0.12513622283935547 0.43554279327392575
4100 0.09378579139709473 0.431746711730957
4200 0.12521528244018554 0.3642678451538086
4300 0.14003488540649414 0.47029464721679687
4400 0.07370448589324952 0.3688259506225586
4500 0.10235273361206054 0.44303741455078127
4600 0.0918246078491211 0.3745857620239258
4700 0.12335497856140137 0.38090904235839845
4800 0.08139458656311035 0.39691471099853515
4900 0.08440644264221192 0.3540383529663086
5000 0.0634905767440796 0.40641040802001954
5100 0.14564184188842774 0.35538211822509763
5200 0.13103241920471193 0.36422946929931643
5300 0.09992714881896973 0.4491006088256836
5400 0.11765976905822755 0.3858565902709961
5500 0.07915029048919678 0.4396678924560547
5600 0.12135004997253418 0.3507918167114258
5700 0.0753451156616211 0.3402007293701172
5800 0.09530424118041993 0.4110082244873047
5900 0.07500331878662109 0.37256927490234376
6000 0.06519423484802246 0.3569575500488281
epoch: 18 topic loss 0.1471301026562728 loc loss 0.3891509737936114
0 0.10865756034851075 0.4082960510253906
100 0.1050240707397461 0.340091552734375
200 0.14604232788085938 0.3748065185546875
300 0.1292233943939209 0.39984214782714844
400 0.17977241516113282 0.3342407989501953
500 0.09340629577636719 0.3646269989013672
600 0.15617249488830567 0.4629029083251953
700 0.1182010269165039 0.48167396545410157
800 0.1707538414001465 0.46335865020751954
900 0.10373496055603028 0.45243484497070313
1000 0.260733642578125 0.39543895721435546
1100 0.2401752471923828 0.42031246185302734
1200 0.12011385917663574 0.35848896026611327
1300 0.11095806121826172 0.35131149291992186
1400 0.10572545051574707 0.3612250518798828
1500 0.08437357902526856 0.40869224548339844
1600 0.16113719940185547 0.38081008911132813
1700 0.08158207893371582 0.34930904388427736
1800 0.1735904884338379 0.4395322418212891
1900 0.11870332717895508 0.40503631591796874
2000 0.140839204788208 0.4643825912475586
2100 0.07508481025695801 0.3291889953613281
2200 0.2073238945007324 0.4184007263183594
2300 0.1317360782623291 0.41700923919677735
2400 0.11926615715026856 0.41097221374511717
2500 0.0954288101196289 0.3456059646606445
2600 0.11445037841796875 0.39963157653808595
2700 0.13995062828063964 0.3680089569091797
2800 0.18230968475341797 0.42339282989501953
2900 0.5104098892211915 0.4108755111694336
3000 0.11907232284545899 0.3652429962158203
3100 0.103173189163208 0.40145057678222656
3200 0.06883808612823486 0.34070152282714844
3300 0.07833652496337891 0.3655320358276367
3400 0.06586875438690186 0.35854427337646483
3500 0.14905683517456056 0.4051932144165039
3600 0.08423921585083008 0.3813155746459961
3700 0.22133935928344728 0.3602746963500977
3800 0.2073739242553711 0.37493797302246096
3900 0.08846820831298828 0.39573204040527343
4000 0.08678383827209472 0.3987466049194336
4100 0.131276273727417 0.38632286071777344
4200 0.10264077186584472 0.4095039367675781
4300 0.14047646522521973 0.46114425659179686
4400 0.27340417861938476 0.34108768463134764
4500 0.11657631874084473 0.4029327392578125
4600 0.2247313690185547 0.364960823059082
4700 0.11353910446166993 0.3928996658325195
4800 0.09099322319030761 0.3798366928100586
4900 0.09392207145690917 0.3333481979370117
5000 0.16860723495483398 0.4199882125854492
5100 0.15625205039978027 0.39915435791015624
5200 0.15275888442993163 0.37855533599853514
5300 0.10735268592834472 0.4768710708618164
5400 0.10017183303833008 0.4175433731079102
5500 0.134964656829834 0.47129329681396487
5600 0.1036324691772461 0.36691669464111326
5700 0.09245375633239745 0.32504753112792967
5800 0.05869487285614014 0.4315308380126953
5900 0.15611367225646972 0.4074374008178711
6000 0.09614848136901856 0.36091373443603514
epoch: 19 topic loss 0.15311439919160263 loc loss 0.39583017976614826
0 0.09371191024780273 0.4038935852050781
100 0.12818296432495116 0.35352596282958987
200 0.11566146850585937 0.3888285827636719
300 0.1230224609375 0.42699317932128905
400 0.21575309753417968 0.3818619155883789
500 0.10882173538208008 0.3860607147216797
600 0.0735672378540039 0.4337741851806641
700 0.10536474227905274 0.47343814849853516
800 0.13099263191223146 0.4219951629638672
900 0.1663512420654297 0.44553634643554685
1000 0.17950735092163086 0.4006070709228516
1100 0.15711084365844727 0.38794551849365233
1200 0.155742826461792 0.35599246978759763
1300 0.17554828643798828 0.3552212142944336
1400 0.08593002319335938 0.3340041732788086
1500 0.3071142578125 0.43432159423828126
1600 0.22201539993286132 0.4476267623901367
1700 0.08800965309143066 0.37886756896972656
1800 0.10602850914001465 0.44133251190185546
1900 0.09275937080383301 0.38329090118408204
2000 0.08655497550964356 0.44934932708740233
2100 0.0827196216583252 0.3639145660400391
2200 0.09269619941711425 0.38353240966796875
2300 0.21321611404418944 0.399822883605957
2400 0.1616751480102539 0.39217849731445314
2500 0.12037119865417481 0.34923778533935546
2600 0.08155713081359864 0.3643819046020508
2700 0.14318358421325683 0.36800952911376955
2800 0.12374321937561035 0.3980381774902344
2900 0.13778594970703126 0.36897457122802735
3000 0.11959609985351563 0.3532720565795898
3100 0.06508744716644287 0.39766338348388675
3200 0.17108922958374023 0.3848350143432617
3300 0.14902660369873047 0.36131599426269534
3400 0.2466033363342285 0.3560725021362305
3500 0.17505550384521484 0.3969686889648438
3600 1.0446634674072266 0.42503841400146486
3700 0.31259347915649416 0.4152470779418945
3800 0.1763496208190918 0.43177314758300783
3900 0.09734745979309083 0.4667849349975586
4000 0.12856674194335938 0.3953464126586914
4100 0.08338779449462891 0.4673851776123047
4200 0.08899209976196289 0.3970117950439453
4300 0.10334956169128418 0.414793701171875
4400 0.06917778491973876 0.35991695404052737
4500 0.1016359806060791 0.3938333511352539
4600 0.11880950927734375 0.39402523040771487
4700 0.0638196325302124 0.412166748046875
4800 0.07931376934051514 0.4113477325439453
4900 0.13878363609313965 0.3813483428955078
5000 0.10043407440185546 0.38228252410888675
5100 0.08131518363952636 0.3647098922729492
5200 0.10337474822998047 0.36827850341796875
5300 0.08896602630615234 0.430223388671875
5400 0.10473155021667481 0.39602310180664063
5500 0.11187202453613282 0.4853200912475586
5600 0.09821606636047363 0.37597328186035156
5700 0.14898618698120117 0.34552108764648437
5800 1.7844644165039063 0.4119355010986328
5900 0.2246728515625 0.4619432830810547
6000 0.21487913131713868 0.38187068939208985
epoch: 20 topic loss 0.14771906505720034 loc loss 0.3984023772016209
0 0.11592392921447754 0.41693748474121095
100 0.13697553634643556 0.3875787353515625
200 0.0841994571685791 0.4165728759765625
300 0.07777621746063232 0.4340816116333008
400 0.1329902458190918 0.3509981918334961
500 0.08067817687988281 0.4214948272705078
600 0.1555771064758301 0.4435218048095703
700 0.11522286415100097 0.4762047576904297
800 0.19744441986083985 0.45676403045654296
900 0.08787158012390137 0.43405651092529296
1000 0.07805742263793945 0.4068364715576172
1100 0.10199077606201172 0.4146156311035156
1200 0.08185566902160644 0.3875361633300781
1300 0.21504056930541993 0.38790847778320314
1400 0.11291509628295898 0.3458189392089844
1500 0.2776678276062012 0.41826904296875
1600 0.0801614761352539 0.3961142349243164
1700 0.15303241729736328 0.41339931488037107
1800 0.0741078233718872 0.39289031982421874
1900 0.0897301197052002 0.37226310729980466
2000 0.10179823875427246 0.45385356903076174
2100 0.09666499137878418 0.32285980224609373
2200 0.09895956993103028 0.3560905838012695
2300 0.16246109008789061 0.38551849365234375
2400 0.1464727020263672 0.409802131652832
2500 0.1388134765625 0.3797320938110352
2600 0.09236688613891601 0.3868605422973633
2700 0.07581523895263671 0.3585797119140625
2800 0.08288710594177245 0.371944580078125
2900 0.10977265357971192 0.3620376205444336
3000 0.12761796951293947 0.36345806121826174
3100 0.11716449737548829 0.3943777847290039
3200 0.2599159240722656 0.37646987915039065
3300 0.13178095817565919 0.40287899017333983
3400 0.10069936752319336 0.36100772857666014
3500 0.19581430435180663 0.39666248321533204
3600 0.14315001487731935 0.42132591247558593
3700 0.082388277053833 0.37695186614990234
3800 0.06313340187072754 0.4126420593261719
3900 0.09224838256835938 0.3893564987182617
4000 0.07942011833190918 0.404234619140625
4100 0.08523970603942871 0.39127178192138673
4200 0.0567404842376709 0.43314037322998045
4300 0.08248677253723144 0.4378809356689453
4400 0.08173888206481933 0.3529690933227539
4500 0.06616279125213623 0.3831127166748047
4600 0.36337459564208985 0.40367908477783204
4700 0.18927871704101562 0.42534423828125
4800 0.16505918502807618 0.44362808227539063
4900 0.07327324867248536 0.3608118438720703
5000 0.21900211334228514 0.3913458251953125
5100 0.11048519134521484 0.40007965087890623
5200 0.0994314956665039 0.4050705718994141
5300 0.19472900390625 0.45777488708496095
5400 0.11305325508117675 0.4244264221191406
5500 0.15103013038635255 0.46796283721923826
5600 0.07835317134857178 0.38800811767578125
5700 0.08155839920043945 0.3436039733886719
5800 0.14026841163635254 0.44578086853027343
5900 0.0966610336303711 0.41402530670166016
6000 0.22309703826904298 0.3991259765625
epoch: 21 topic loss 0.13699542742672885 loc loss 0.40446896099622376
0 0.07283871173858643 0.4374933624267578
100 0.07043486595153808 0.33526828765869143
200 0.11063549995422363 0.39055618286132815
300 0.715849380493164 0.4053280258178711
400 0.17218584060668946 0.3558475875854492
500 0.10367855072021484 0.45973857879638674
600 0.23491756439208986 0.4345906829833984
700 0.10061586380004883 0.4609199905395508
800 0.10629854202270508 0.42652294158935544
900 0.09504292488098144 0.4142919921875
1000 0.09494552612304688 0.37540229797363284
1100 0.1560066032409668 0.4225410842895508
1200 0.13151055335998535 0.4011563491821289
1300 0.056732616424560546 0.3906142807006836
1400 0.07398539543151855 0.3576667404174805
1500 0.08966718673706055 0.4261058807373047
1600 0.08112231254577637 0.4173482131958008
1700 0.6571719360351562 0.4058565139770508
1800 0.19427288055419922 0.45915374755859373
1900 0.09444184303283691 0.4257392883300781
2000 0.15307989120483398 0.4833856964111328
2100 0.10389853477478027 0.3535095977783203
2200 0.14033632278442382 0.38128353118896485
2300 0.14380208969116212 0.425535888671875
2400 0.06442655563354492 0.4266306686401367
2500 0.07326900005340577 0.3340546417236328
2600 0.07911840915679931 0.40504634857177735
2700 0.1197880458831787 0.37963310241699216
2800 0.0862051773071289 0.38924579620361327
2900 0.20179935455322265 0.4157212066650391
3000 0.4076500701904297 0.3669452285766602
3100 0.3654084396362305 0.40923778533935545
3200 0.10206635475158692 0.43559974670410156
3300 0.14899407386779784 0.39012611389160157
3400 0.100043363571167 0.3721869659423828
3500 0.17386119842529296 0.40054126739501955
3600 0.152181453704834 0.4082027053833008
3700 0.0805902862548828 0.3445280075073242
3800 0.08484355926513672 0.39119926452636716
3900 0.12407611846923829 0.38787471771240234
4000 0.08927119255065918 0.3835316848754883
4100 0.08968114852905273 0.45910423278808593
4200 0.10565502166748048 0.3633603286743164
4300 0.073982515335083 0.418902702331543
4400 0.10850160598754882 0.36601039886474607
4500 0.08224623680114745 0.37408252716064455
4600 0.12610376358032227 0.38067718505859377
4700 0.11454150199890137 0.4160372543334961
4800 0.20374670028686523 0.4352161407470703
4900 0.20508384704589844 0.3769725799560547
5000 0.1663198661804199 0.4094865036010742
5100 0.12833056449890137 0.4011942672729492
5200 0.10862582206726074 0.40971176147460936
5300 0.06911113262176513 0.4795189666748047
5400 0.1717202568054199 0.43191936492919925
5500 0.08045820236206054 0.4696539306640625
5600 0.16089628219604493 0.3564330291748047
5700 0.060180563926696774 0.3486994934082031
5800 0.12220443725585937 0.4259427261352539
5900 0.1846822738647461 0.40252525329589844
6000 0.10444272041320801 0.36032230377197266
epoch: 22 topic loss 0.14805737882601203 loc loss 0.4089124783717326
0 0.11088871955871582 0.44631515502929686
100 0.18145879745483398 0.38930683135986327
200 0.10251175880432128 0.3661037063598633
300 0.09907553672790527 0.4126337814331055
400 0.11324379920959472 0.3705145263671875
500 0.052723631858825684 0.47140262603759764
600 0.07089584350585937 0.5749766540527343
700 0.08396884918212891 0.5817460632324218
800 0.09107528686523438 0.6279132461547852
900 0.19304824829101563 0.4581069183349609
1000 0.24616981506347657 0.4445699310302734
1100 0.22226661682128906 0.49618408203125
1200 0.16537065505981446 0.5147506713867187
1300 0.09780996322631835 0.49463993072509765
1400 0.5602884674072266 0.439833984375
1500 0.15528705596923828 0.7010854339599609
1600 0.10297768592834472 0.5589915084838867
1700 0.11123735427856446 0.46446800231933594
1800 0.09126776695251465 0.5411752319335937
1900 0.11040970802307129 0.5749248123168945
2000 0.1010570240020752 0.9207862854003906
2100 0.07890228748321533 0.3897222900390625
2200 0.09172261238098145 0.44649658203125
2300 0.091072359085083 1.4164256286621093
2400 0.14367875099182129 0.48861927032470703
2500 0.10179532051086426 0.5049841690063477
2600 0.13038524627685547 61.2238720703125
2700 0.10611884117126465 0.5236040878295899
2800 0.06655810356140136 0.5321187210083008
2900 0.2471027374267578 0.5154346466064453
3000 2.9445010375976564 1.3994996643066406
3100 0.19907440185546876 0.653067626953125
3200 0.09639047622680665 0.6271952819824219
3300 0.05510014533996582 0.4455820083618164
3400 0.08508027076721192 0.48004653930664065
3500 0.11540321350097656 39.45797119140625
3600 0.16344429016113282 40.39568359375
3700 0.11001864433288575 96.43900390625
3800 0.08994467735290528 5.57503173828125
3900 0.11125473976135254 4.5742190551757815
4000 0.12207778930664062 349.15359375
4100 0.12278383255004882 3.5856423950195313
4200 0.09212827682495117 229.00642578125
4300 0.20612789154052735 69.57990234375
4400 55.1135302734375 357.725390625
4500 55.8710546875 187.11447265625
4600 39.91830810546875 314.97681640625
4700 24.27353759765625 253.259296875
4800 17.96705810546875 237.15388671875
4900 13.45841064453125 243.67955078125
5000 11.33690673828125 339.835625
5100 8.702135620117188 458.575625
5200 7.984895629882812 147.939814453125
5300 4.234043884277344 528.8447265625
5400 3.0826336669921877 324.484375
5500 2.461958923339844 443.1608984375
5600 2.1599887084960936 499.774375
5700 1.8674009704589845 345.773125
5800 2.27366455078125 381.59203125
5900 2.0196392822265623 283.368046875
6000 1.4057530212402343 595.0651953125
epoch: 23 topic loss 3.9467914174145977 loc loss 127.10358381395322
0 1.2299198150634765 405.76875
100 1.0071511840820313 690.780859375
200 0.9627348327636719 718.01734375
300 0.9291779327392579 128.559853515625
400 1.1494409942626953 379.161640625
500 0.8638079071044922 417.0837109375
600 0.7045665740966797 232.2096484375
700 0.8065433502197266 287.5753125
800 0.75057373046875 383.65609375
900 0.7679566192626953 371.5117578125
1000 0.4509343719482422 407.200234375
1100 0.47082523345947264 502.701796875
1200 0.6438185882568359 319.326640625
1300 0.3634543991088867 118.67125
1400 0.4580537414550781 528.301953125
1500 0.34301651000976563 599.3996875
1600 0.27426292419433596 152.89705078125
1700 0.2823645782470703 355.9777734375
1800 0.40554420471191405 253.6978515625
1900 6.0468505859375 383.3959375
2000 0.8219938659667969 407.4138671875
2100 0.30845539093017577 319.2000390625
2200 0.3269882583618164 272.106015625
2300 0.31293243408203125 319.84982421875
2400 0.3102545738220215 616.6131640625
2500 0.2365897560119629 121.835615234375
2600 0.38523536682128906 394.56625
2700 0.4038836669921875 238.98197265625
2800 0.2502214241027832 363.4959375
2900 0.2588443946838379 375.3372265625
3000 1.8929605102539062 212.4353515625
3100 0.277726936340332 275.6013671875
3200 0.6131325912475586 488.2215625
3300 0.8609159088134766 320.75447265625
3400 1.8474705505371094 271.8701171875
3500 0.33127025604248045 321.8326171875
3600 0.4922626495361328 189.49298828125
3700 0.29851814270019533 511.5309375
3800 1.2012957763671874 436.7936328125
3900 365.6944140625 80.760380859375
4000 177.706796875 263.4005859375
4100 114.708916015625 129.0462109375
4200 83.157490234375 442.0654296875
4300 95.65751953125 243.37966796875
4400 62.8383740234375 413.3083984375
4500 46.4823828125 591.2930859375
4600 37.9559130859375 261.42138671875
4700 29.6820458984375 196.8044921875
4800 26.23361083984375 353.7239453125
4900 20.6662939453125 276.1598828125
5000 17.280650634765625 353.54484375
5100 14.2415087890625 95.59484375
5200 23.8027978515625 244.97326171875
5300 12.243238525390625 144.958759765625
5400 10.989908447265625 252.054921875
5500 15.228424072265625 180.25607421875
5600 8.702861328125 239.60630859375
5700 6.933196411132813 403.361640625
5800 5.579826049804687 315.46900390625
5900 10.67122802734375 165.685390625
6000 5.059895935058594 450.346875
epoch: 24 topic loss 21.93384290861969 loc loss 343.67370884734623
0 4.489390258789062 193.6065625
100 3.7669036865234373 343.1777734375
200 3.423484191894531 196.9800390625
300 2.989283447265625 437.9508984375
400 1.9255673217773437 148.76099609375
500 2.4211442565917967 170.48359375
600 2.4286468505859373 208.352109375
700 1.5267227172851563 321.84984375
800 1.2349774932861328 177.4354296875
900 1.1881744384765625 245.9953125
1000 1.3097097778320312 261.42228515625
1100 1.0851863861083983 575.2178125
1200 0.8656442260742188 221.130234375
1300 0.8563699340820312 123.908720703125
1400 0.669366226196289 190.890859375
1500 0.665168228149414 351.009609375
1600 0.630711784362793 153.099140625
1700 0.6869263458251953 183.4591015625
1800 0.7110852813720703 178.01990234375
1900 0.6186966705322265 219.56265625
2000 0.4504742431640625 249.779453125
2100 0.8808734130859375 187.08201171875
2200 0.4503499221801758 137.104384765625
2300 0.7554076385498046 138.593544921875
2400 0.5110969543457031 284.835703125
2500 3.6947677612304686 79.05296875
2600 1.3010871887207032 191.45388671875
2700 0.5867079544067383 80.9460400390625
2800 0.40846851348876956 243.27828125
2900 0.6062556457519531 139.040205078125
3000 0.6428160095214843 102.596826171875
3100 0.402467041015625 194.55267578125
3200 0.24927413940429688 221.25658203125
3300 0.7243882751464844 214.15974609375
3400 0.4095665740966797 371.64890625
3500 0.5549619674682618 291.39578125
3600 0.33717132568359376 76.877431640625
3700 0.47570095062255857 279.34359375
3800 48.308642578125 305.376796875
3900 11.778533935546875 182.95099609375
4000 3.3756033325195314 125.8569140625
4100 1.6926762390136718 156.01513671875
4200 1.8281051635742187 170.94654296875
4300 1.010832748413086 150.9683984375
4400 0.5358469772338867 172.44283203125
4500 0.4188972854614258 272.8701953125
4600 0.4043958282470703 188.9453515625
4700 0.48704044342041014 167.91849609375
4800 0.8888838195800781 222.3051171875
4900 0.4900521469116211 88.7128515625
5000 0.5097188186645508 278.77474609375
5100 0.5222134780883789 67.8305029296875
5200 0.4795623016357422 124.543876953125
5300 0.3395781707763672 61.6487255859375
5400 0.5257701110839844 112.732744140625
5500 8.523951416015626 184.5184375
5600 3.2823971557617186 259.8574609375
5700 1.087999038696289 205.254296875
5800 0.45141685485839844 204.059765625
5900 0.45792690277099607 87.645390625
6000 0.5135293960571289 153.816748046875
epoch: 25 topic loss 1.8783982182700358 loc loss 218.00794158769003
0 0.5400600814819336 221.2219140625
100 0.3876227569580078 197.8085546875
200 0.3844219970703125 150.013583984375
300 0.4954722595214844 173.1199609375
400 0.5444394302368164 50.24728515625
500 0.2991920471191406 130.107978515625
600 0.3805133819580078 264.98234375
700 0.4220798110961914 160.69921875
800 0.42322429656982424 117.25171875
900 0.31179832458496093 266.22912109375
1000 0.4052368927001953 315.35755859375
1100 0.3983625411987305 562.858828125
1200 0.2831732368469238 233.4779296875
1300 2.1198297119140626 90.272080078125
1400 3.7093353271484375 465.860625
1500 0.9950577545166016 197.0978125
1600 0.5682796478271485 201.98408203125
1700 0.34252586364746096 341.9895703125
1800 0.31293655395507813 212.78818359375
1900 0.4365629959106445 148.914765625
2000 0.37735733032226565 124.4357421875
2100 0.3089356231689453 226.7167578125
2200 0.3552627944946289 174.53869140625
2300 0.49158203125 282.81501953125
2400 0.22629497528076173 277.84607421875
2500 0.23044700622558595 150.34349609375
2600 0.6430455780029297 463.0658203125
2700 0.3293414306640625 108.605029296875
2800 0.40384937286376954 350.52328125
2900 0.31505302429199217 165.13029296875
3000 0.5850507354736328 203.8234375
3100 0.3066123962402344 66.01306640625
3200 0.21941909790039063 526.756640625
3300 0.4870468521118164 210.2678515625
3400 0.26941070556640623 290.910859375
3500 0.3407174301147461 329.196953125
3600 0.34805931091308595 370.5194140625
3700 0.5836741638183593 346.156015625
3800 0.20836410522460938 247.0278125
3900 1.2245532989501953 258.106953125
4000 0.6306119918823242 397.2380078125
4100 0.5641475296020508 293.778359375
4200 0.2734256362915039 138.489072265625
4300 0.28685781478881833 153.53111328125
4400 0.37217708587646486 216.3114453125
4500 0.4149571228027344 257.85947265625
4600 11.041781005859375 251.34970703125
4700 0.879417495727539 298.84345703125
4800 0.7292662811279297 239.60609375
4900 0.3195340538024902 110.36294921875
5000 0.38927871704101563 410.730078125
5100 0.2034573745727539 98.857939453125
5200 0.3811238479614258 199.80150390625
5300 0.34420196533203123 195.89220703125
5400 1.5800576782226563 290.76228515625
5500 0.3840561676025391 254.32775390625
5600 0.22616451263427734 459.9468359375
5700 0.25780548095703126 361.0734375
5800 0.2372178840637207 335.800859375
5900 0.26544654846191407 216.083828125
6000 0.21310562133789063 463.5362109375
epoch: 26 topic loss 0.5446796611724697 loc loss 249.75600580184226
0 0.22034542083740236 244.13318359375
100 123.3405078125 399.67671875
200 18.42644287109375 194.34146484375
300 7.4160693359375 190.09076171875
400 3.2739215087890625 120.182587890625
500 1.8539494323730468 222.655859375
600 1.4849795532226562 362.205625
700 1.5059286499023437 177.9916015625
800 0.945426254272461 222.67966796875
900 0.7687326812744141 337.628046875
1000 0.6808265686035156 290.39318359375
1100 0.6842520141601562 636.2079296875
1200 0.6962533569335938 126.788876953125
1300 0.8142227935791015 81.6156396484375
1400 0.5774477005004883 342.3259375
1500 0.5405913543701172 191.48736328125
1600 0.7022735595703125 171.70880859375
1700 0.38674575805664063 194.75904296875
1800 1.213692855834961 153.593447265625
1900 0.46796718597412107 95.74951171875
2000 0.7349403381347657 179.7756640625
2100 0.538755226135254 158.29373046875
2200 0.40540748596191406 98.14693359375
2300 0.4694102478027344 350.932890625
2400 0.4060054397583008 277.621796875
2500 0.3270476531982422 84.50123046875
2600 0.43595741271972654 404.9386328125
2700 0.29129915237426757 108.1314453125
2800 0.48564666748046875 414.559453125
2900 0.40341197967529296 171.480234375
3000 0.35830570220947267 310.025078125
3100 0.6658955383300781 115.51560546875
3200 0.4087625503540039 459.1919140625
3300 0.4954019927978516 235.3491796875
3400 0.21758995056152344 239.75080078125
3500 0.5464744186401367 303.678359375
3600 0.5976062393188477 143.59634765625
3700 0.2612265014648438 252.325078125
3800 0.3289355850219727 186.46646484375
3900 0.4738588333129883 200.596171875
4000 0.4940331268310547 329.4505859375
4100 0.511822166442871 185.24462890625
4200 0.19549034118652345 73.1158056640625
4300 0.32351638793945314 153.912900390625
4400 0.17797630310058593 218.26421875
4500 0.26868152618408203 182.33591796875
4600 0.36305320739746094 160.040986328125
4700 0.3573531723022461 91.387724609375
4800 0.4010204315185547 142.70765625
4900 0.26260974884033206 95.776298828125
5000 0.5072565841674804 324.3357421875
5100 0.33613590240478514 44.3874560546875
5200 31.7989697265625 63.76521484375
5300 29.122783203125 77.54529296875
5400 10.755133056640625 204.54646484375
5500 5.570328979492188 186.6711328125
5600 3.2864697265625 271.24697265625
5700 2.571993713378906 169.281328125
5800 2.1480828857421876 103.969111328125
5900 1.7412596130371094 112.767958984375
6000 1.1885858917236327 186.0021875
epoch: 27 topic loss 3.965895130738791 loc loss 220.94604875052647
0 1.4460667419433593 132.69330078125
100 0.9813308715820312 227.86810546875
200 0.8352858734130859 204.50576171875
300 0.8869148254394531 74.8500146484375
400 0.4654990768432617 99.206630859375
500 0.40040939331054687 79.5417724609375
600 0.5751442718505859 168.2907421875
700 0.6560987091064453 212.1528125
800 0.5432685852050781 60.7274072265625
900 0.23706577301025392 203.3395703125
1000 0.41269309997558595 218.28443359375
1100 0.3633171844482422 180.89259765625
1200 0.506606559753418 68.95341796875
1300 0.30734064102172853 57.5278955078125
1400 0.4405721664428711 355.1292578125
1500 0.2563873100280762 160.796025390625
1600 0.41146148681640626 77.719931640625
1700 0.46279083251953124 173.69619140625
1800 0.4019602584838867 185.04505859375
1900 0.24705322265625 28.76076904296875
2000 0.2912275695800781 227.96515625
2100 0.5403881072998047 372.818046875
2200 0.7031310272216796 220.98037109375
2300 0.4175341796875 401.094375
2400 0.5872231674194336 358.2294140625
2500 0.5467621612548829 242.07638671875
2600 0.42567562103271483 559.286875
2700 0.4556909942626953 370.1289453125
2800 0.3742156219482422 462.50640625
2900 4.147246398925781 500.438046875
3000 0.42618236541748045 418.392578125
3100 0.3166476631164551 238.5761328125
3200 0.4799049758911133 291.1415234375
3300 0.3357251739501953 260.75447265625
3400 0.3494453048706055 676.376796875
3500 0.2686308288574219 518.5131640625
3600 0.24821771621704103 370.369765625
3700 0.2038566017150879 502.1152734375
3800 0.2660059356689453 252.5533984375
3900 0.27240720748901365 419.592734375
4000 0.21813623428344728 412.8391015625
4100 15.00701904296875 383.3009375
4200 6.902531127929688 259.265546875
4300 2.7640240478515623 308.3571875
4400 1.7411021423339843 798.248671875
4500 1.246070556640625 438.542265625
4600 0.7795642852783203 300.10154296875
4700 0.735501937866211 694.54953125
4800 0.6516261291503906 608.5917578125
4900 0.5086158752441406 946.139296875
5000 0.4649184036254883 768.32515625
5100 0.4685077285766602 780.127421875
5200 0.4177685546875 936.226640625
5300 0.30450714111328125 758.9215625
5400 0.6042650604248047 877.385703125
5500 0.3169051170349121 992.313828125
5600 0.4238209533691406 1029.220625
5700 0.4591327667236328 565.964609375
5800 0.4655562210083008 846.877890625
5900 0.3663981628417969 887.58109375
6000 0.27556198120117187 1119.41625
epoch: 28 topic loss 1.1537250235961138 loc loss 425.10874989785424
0 0.2911877250671387 637.8357421875
100 0.29624788284301756 1175.488359375
200 0.4951527786254883 954.03453125
300 0.2829426193237305 913.476171875
400 0.42031665802001955 915.102890625
500 0.42008827209472654 631.625390625
600 0.2906811714172363 775.160859375
700 0.3101110076904297 1072.762265625
800 0.39506404876708984 758.085546875
900 0.4837653350830078 1050.483359375
1000 0.2598415756225586 987.201953125
1100 0.339908561706543 1105.83671875
1200 0.2773322296142578 703.999609375
1300 0.2524740409851074 613.3010546875
1400 0.4049509429931641 965.2465625
1500 0.3165555763244629 1062.938046875
1600 0.41524463653564453 1071.77609375
1700 1.3378297424316405 826.68375
1800 0.8278557586669922 873.59296875
1900 0.48370071411132814 735.804921875
2000 0.44050910949707034 770.4759375
2100 0.3893532562255859 1148.638203125
2200 0.18767173767089843 868.945390625
2300 0.31665903091430664 1011.306640625
2400 0.24440963745117186 826.162265625
2500 1.862849578857422 619.4762890625
2600 3.6728610229492187 1242.905859375
2700 0.705781478881836 589.7101171875
2800 0.6719295501708984 1216.049921875
2900 0.42924530029296876 1485.51484375
3000 0.3220930862426758 1175.593671875
3100 0.24091657638549804 579.7531640625
3200 0.35724624633789065 1430.04828125
3300 0.45632209777832033 952.77265625
3400 0.23780893325805663 982.747109375
3500 0.2202211570739746 1232.844453125
3600 0.4650479507446289 1342.1165625
3700 0.2747125053405762 1116.388359375
3800 0.2184910011291504 1052.5175
3900 0.3958161926269531 910.230234375
4000 0.23802806854248046 1015.16
4100 0.36021961212158204 946.69375
4200 0.21697723388671875 836.292734375
4300 0.34199886322021483 682.686484375
4400 0.1634333038330078 1044.95484375
4500 0.40354286193847655 966.689375
4600 0.24163562774658204 1085.163515625
4700 0.34297203063964843 840.80875
4800 0.35235923767089844 945.173984375
4900 0.25295074462890627 1253.597109375
5000 0.3663522338867187 974.14671875
5100 0.17063240051269532 896.95234375
5200 0.17980752944946288 1157.077421875
5300 0.2528934288024902 883.072109375
5400 0.33043590545654294 1138.78765625
5500 0.34775501251220703 1242.3921875
5600 0.26035451889038086 1571.335625
5700 0.33110340118408205 1011.365703125
5800 0.19619775772094727 896.99
5900 0.22873836517333984 1228.732265625
6000 0.32903812408447264 1270.978203125
epoch: 29 topic loss 0.5480947687276162 loc loss 952.9038975131006
0 0.5569698333740234 923.29328125
100 4.185847473144531 1289.740546875
200 2.71963134765625 1525.38140625
300 0.6182700347900391 1192.322578125
400 0.27666704177856444 1296.7515625
500 0.26140459060668947 1347.97984375
600 0.37418254852294924 1615.86640625
700 0.4072672271728516 2041.29578125
800 0.3895281219482422 1485.34015625
900 0.1377197265625 2247.076875
1000 0.18527629852294922 1384.8609375
1100 0.17224824905395508 1920.52015625
1200 0.3230375671386719 1478.37328125
1300 0.2117357635498047 1671.30921875
1400 0.17182016372680664 1387.1103125
1500 0.2153135681152344 1915.93546875
1600 0.23574775695800781 1526.2109375
1700 0.2436167526245117 1984.1715625
1800 0.29577341079711916 1959.1584375
1900 0.34719173431396483 1800.82203125
2000 0.31035213470458983 1364.051875
2100 0.3208420944213867 1930.58125
2200 0.24609251022338868 2037.503125
2300 0.23901065826416015 2297.07796875
2400 0.2792326354980469 1657.69765625
2500 0.38641914367675784 1485.72265625
2600 0.8587018585205078 2338.34265625
2700 0.19849920272827148 1363.3465625
2800 0.19213661193847656 2024.8840625
2900 0.2297359848022461 2167.45984375
3000 0.21922920227050782 1896.34
3100 0.13962651252746583 1608.9159375
3200 0.34744651794433595 2556.41328125
3300 0.2748131370544434 1940.5875
3400 0.6227116394042969 1839.4903125
3500 0.5590521621704102 2452.43171875
3600 0.31005302429199216 2010.59359375
3700 0.2749728965759277 1948.11421875
3800 0.21194339752197267 1715.17984375
3900 0.21094453811645508 1868.93171875
4000 0.15868876457214356 1874.620625
4100 0.31789651870727537 2209.049375
4200 0.22547019958496095 1469.8296875
4300 0.4492254638671875 1614.39296875
4400 0.2930781936645508 1831.06515625
4500 0.24884433746337892 2111.69703125
4600 0.19980916976928711 2232.7253125
4700 0.21926677703857422 2002.825
4800 0.1285795211791992 2331.92921875
